Circle; 310, 98; 235; 194, 72, 248
Circle; 138, 291; 38; 192, 220, 246
Rectangle; 141, 207; 73, 399; 224, 65, 212
Rectangle; 124, 65; 95, 89; 105, 221, 201
Rectangle; 379, 176; 141, 89; 250, 244, 106
Rectangle; 99, 179; 165, 163; 190, 79, 152
Circle; 423, 152; 114; 198, 194, 229
Circle; 278, 411; 191; 127, 195, 148
Rectangle; 317, 113; 110, 292; 184, 103, 71
Circle; 167, 376; 81; 65, 74, 120
Circle; 411, 134; 98; 166, 230, 218
Rectangle; 96, 102; 105, 190; 153, 190, 116
Circle; 172, 192; 46; 132, 193, 98
Circle; 421, 343; 276; 119, 225, 185
Circle; 217, 57; 185; 177, 221, 95
Rectangle; 322, 230; 323, 415; 134, 212, 87
Circle; 189, 264; 85; 164, 252, 162
Rectangle; 171, 327; 440, 248; 145, 200, 199
Rectangle; 80, 319; 308, 65; 250, 221, 157
Circle; 108, 323; 97; 138, 194, 205
Rectangle; 81, 82; 282, 437; 177, 123, 223
Circle; 108, 346; 63; 167, 106, 74
Rectangle; 108, 196; 129, 58; 224, 67, 195
Rectangle; 91, 201; 293, 325; 208, 192, 215
Circle; 359, 259; 252; 121, 245, 208
Circle; 284, 446; 233; 233, 163, 107
Circle; 189, 277; 47; 122, 163, 177
Circle; 250, 235; 78; 182, 149, 253
Rectangle; 341, 384; 202, 291; 73, 132, 185
Circle; 252, 234; 90; 127, 83, 208
Circle; 181, 384; 68; 153, 137, 108
Circle; 290, 116; 139; 108, 199, 188
Circle; 330, 109; 234; 79, 131, 227
Circle; 163, 81; 60; 133, 112, 120
Circle; 381, 137; 287; 206, 107, 226
Rectangle; 98, 153; 375, 380; 88, 150, 158
Rectangle; 376, 68; 264, 275; 76, 179, 89
Rectangle; 167, 375; 104, 109; 145, 151, 188
Rectangle; 341, 197; 322, 54; 101, 144, 132
Rectangle; 56, 414; 350, 239; 78, 154, 183
