Circle; 241, 377; 203; 185, 176, 202
Circle; 302, 440; 52; 88, 188, 144
Circle; 362, 65; 94; 119, 248, 75
Rectangle; 339, 83; 53, 280; 238, 78, 97
Rectangle; 204, 188; 107, 438; 96, 220, 187
Circle; 209, 346; 155; 124, 196, 180
Rectangle; 66, 268; 290, 360; 204, 166, 139
Rectangle; 122, 89; 252, 53; 170, 224, 151
Circle; 390, 233; 114; 153, 152, 159
Circle; 54, 444; 20; 225, 136, 178
Rectangle; 435, 231; 357, 437; 130, 242, 238
Rectangle; 68, 129; 50, 208; 244, 222, 147
Circle; 417, 298; 231; 203, 88, 86
Rectangle; 108, 203; 385, 126; 126, 150, 122
Rectangle; 184, 341; 221, 138; 68, 254, 185
