Circle; 381, 271; 50; 185, 161, 131
Rectangle; 325, 79; 323, 89; 242, 97, 139
Circle; 112, 364; 142; 106, 176, 222
Rectangle; 376, 204; 447, 363; 159, 67, 91
Circle; 151, 151; 195; 181, 231, 159
Circle; 195, 394; 189; 104, 127, 180
Rectangle; 121, 360; 79, 392; 76, 77, 85
Circle; 258, 335; 119; 229, 83, 167
Circle; 82, 245; 104; 121, 71, 110
Circle; 76, 366; 63; 195, 86, 208
Circle; 386, 153; 35; 254, 104, 190
Circle; 156, 192; 45; 109, 200, 181
Circle; 298, 333; 48; 238, 88, 124
Rectangle; 166, 52; 134, 50; 112, 147, 229
Rectangle; 244, 84; 183, 89; 162, 108, 192
Circle; 286, 435; 44; 230, 225, 160
Rectangle; 241, 111; 187, 250; 234, 236, 125
Rectangle; 344, 150; 255, 50; 209, 214, 162
Circle; 441, 151; 149; 200, 177, 236
Rectangle; 390, 390; 128, 172; 152, 194, 254
Circle; 316, 256; 173; 120, 205, 196
Circle; 284, 345; 122; 227, 195, 192
Circle; 189, 64; 192; 230, 254, 245
Rectangle; 67, 85; 65, 397; 104, 229, 117
Circle; 139, 268; 191; 76, 168, 151
Rectangle; 353, 321; 351, 210; 101, 136, 242
Circle; 448, 321; 182; 104, 158, 213
Circle; 360, 202; 195; 140, 246, 199
Rectangle; 420, 111; 337, 337; 99, 124, 192
Rectangle; 334, 53; 188, 90; 108, 148, 176
Circle; 408, 215; 46; 142, 151, 111
Rectangle; 108, 264; 256, 110; 236, 247, 110
Rectangle; 181, 411; 112, 198; 248, 134, 79
Circle; 151, 76; 119; 71, 99, 79
Rectangle; 313, 166; 223, 218; 115, 139, 127
Circle; 296, 300; 83; 151, 144, 120
Circle; 338, 357; 77; 223, 217, 111
Circle; 295, 180; 60; 123, 99, 154
Circle; 362, 426; 89; 109, 146, 244
Rectangle; 400, 337; 398, 110; 178, 238, 176
